139.05753568293238
80.42396102760013
108.08792138223463
125.37656478107479
152.82453950595507
155.67685821879553
94.9205285453076
98.86388658000044
104.84078140000761
157.40840429742502
103.96868462571878
147.10027601493744
87.38956610837045
93.03539928556854
132.12247893225006
131.94915235779138
94.53220201737126
80.04652272495416
105.95642654311061
101.48278428445224
151.6819889735576
83.08099700399802
123.50198102676815
138.3119303083208
142.13570435950942
124.33619722268139
118.49878166884379
140.09570984461507
81.62455618713258
104.87011656274527
139.16317669274272
142.96171921203015
120.77476733451502
112.56771254971054
106.09074187595029
90.51947976733415
151.69603951777617
158.24332872511508
93.98760303000462
130.60346136871854
118.74429796673223
114.55446384886207
149.5035248100502
108.8350168477586
144.8331997798565
153.10532086825447
92.51783876912542
82.54573399673005
143.49707938387274
143.32166270263406
90.80739100410072
80.55779504686265
93.236062613613
92.38166610704516
128.1038621037582
103.77006800666342
124.50226295847324
128.6905435229245
83.12589324071719
98.45180378492647
91.0140291534027
82.08986159939809
82.24958519891314
98.59890144651573
85.91344889273891
112.19559522930338
121.05908613434019
125.66086475486803
99.6102927083519
121.96210212815144
110.0970881320354
153.39966329226746
139.9838390371034
146.7722790956301
87.71316936727162
92.59486204750665
126.94208294568213
130.057341183486
157.98606578503185
84.76250143733184
132.16594007039478
124.65277262096534
114.27408241906431
96.0083298537591
141.19423790732955
114.80008358734054
99.02594189877303
151.5891225406919
148.83336103262945
96.90721043736245
108.0625438928209
148.70893529003757
140.2035770703642
107.88344579048695
152.61819897495712
149.5302844092393
158.5621624766971
148.06794124886247
125.00803360835374
148.33334650742688
97.37160975647586
131.47398212397425
153.86640029058083
126.20941632274169
117.90928752089097
109.27428194706685
82.47922546692276
113.6279729669619
85.04306700219428
93.15575651118917
98.81139608549185
135.6698549288185
132.62556246691526
133.37528849365867
128.4083531642488
116.67210082413743
96.28773457069764
82.05117639968215
91.42923966012214
150.48324800634447
125.24075613811874
135.428033655943
122.64704000233124
159.48089778799618
146.02312826501117
119.55608570435311
158.3292905427163
149.95655352396903
159.9582231535132
122.02888555578039
146.49105878351259
103.42581695443775
132.41547313019566
118.12661742789227
97.09001198571418
102.87519642496031
115.79661492790687
92.9153027479806
136.31154052034432
99.90986384630486
159.4965104189805
101.55529619355909
104.16997273315634
143.21984930808162
138.91615202325073
138.275636808299
117.23013549562249
150.7352698689579
121.93363265146081
120.1739098336345
