92
129
129
143
84
116
86
141
117
137
114
85
141
139
94
113
154
152
87
88
107
127
111
140
140
82
122
133
102
134
132
110
122
115
140
129
97
116
152
159
116
115
126
86
87
159
95
124
85
107
81
84
154
99
129
113
125
105
135
134
86
146
114
159
102
124
97
106
90
107
136
83
85
125
125
110
153
138
103
138
145
144
144
100
86
101
154
88
156
132
137
91
110
108
150
118
151
123
101
115
125
151
116
160
148
153
148
149
122
86
84
112
106
90
134
145
87
155
149
126
105
117
83
102
121
146
104
126
148
83
82
121
145
145
129
98
133
95
158
102
100
131
122
109
157
115
80
104
136
126
