12.263029737200329
12.297340657435173
13.053908278752345
13.764459555690259
11.887519585350946
14.523305456399884
10.521513084447188
11.153608270942124
14.591424645574728
13.808856123198721
10.44667433546158
14.693417606383887
13.128055766049496
14.651063642957922
12.665063831762705
11.129635343619736
11.247559411774747
11.78637749138135
11.398152711795191
13.003055047229745
14.184829406584964
12.570834113312884
14.897600546329434
13.872858507428486
14.832620305957569
11.48768836471309
11.730884907836911
11.318855067671205
10.589331436039949
14.043667957495273
12.56727189830425
12.896417488280019
14.352381564223094
12.944934372456558
11.91404763963748
11.082166172614299
12.078283415379119
11.792465676138585
12.812500752633367
13.331468123396819
13.749476496745647
10.60395786341202
14.031470321713819
12.670570508706938
14.475671563761594
13.255479124974379
13.793336446460552
12.766696697071893
12.813903529168032
14.440988224411058
11.533159604162552
14.158693802428383
14.216686754779797
12.971464750115256
14.626237758532147
10.288823539583415
13.811611509043459
14.177782270171424
10.422676176273294
13.153050708592396
14.47841493548233
11.842583947668935
10.299630413440113
13.782688840364168
13.421006541574833
14.466308721977285
11.782708098578043
12.384520057046167
13.132122067135734
11.771144090173127
12.097581045019798
11.799515731314669
10.817225692265325
10.164068129066473
11.791182485207951
10.992042417811003
13.981976662225266
10.416272737886073
10.30893343614753
12.551941616955972
13.994019634465188
12.071145789214782
11.630261623886073
14.681135701792662
14.005055022478015
12.066620998861104
12.249249667059887
13.844414707209056
12.663090361739721
14.75008786755888
10.940565318174432
14.190820211478977
10.55747020349874
11.87518680495366
14.872900611082319
13.997547735325208
12.320724217651088
14.299696593767262
14.72296475699306
12.752549194028749
13.761472381252098
11.952355222529146
12.50264777658964
10.075022650257536
10.321568262776937
10.203837828591787
14.840289807788045
14.474736422928268
10.538360118612621
14.063246751284534
11.45406365354799
10.971640389413487
11.04938974727079
11.626354085941452
13.521296565735287
11.836476823366562
13.002050244468997
14.925468308513427
14.58213021652787
14.171109930860446
13.52466495790073
14.77317782888001
12.519234335895066
11.724051704758583
10.178146625915012
11.353362061805495
10.027362779790773
11.232168905532056
11.03884089590873
14.192737566895511
12.827360855107965
10.693814205785555
13.26335439117366
13.744843342990071
14.688800756237061
13.311631793899563
13.655111696037498
12.13575183361371
11.103745638352438
11.395047372198444
10.890081187638437
12.65692284356771
14.20121009437892
14.282956609298411
10.66555626055234
11.345503460544716
10.207707015351987
13.336389019890522
12.111071101355721
14.466007192912954
