15.300204067669496 30.401139307599564 25.303741087007413 21.685603658131097 
15.03275447879227 29.555676515557163 35.33972287545376 22.302793932723656 
14.910828483983488 29.15308073379036 35.38524485678955 22.211058186875256 
15.259148099405621 28.095225904667664 39.37571335867404 22.178304299863925 
15.032155856456177 30.995168026163892 23.11791177294652 21.297971556671573 
14.992989865370529 29.533046600549586 31.651549064385176 21.83974937514186 
14.804435926869829 30.44166152716452 23.766742667811247 21.665806081166924 
14.943338680734144 28.72207758224681 38.86901050008049 22.393007479741655 
14.60245847158447 28.93650784464085 32.5042014644579 22.153833707041574 
14.694718419558596 28.590289093137848 37.001836564262966 22.43280343553279 
15.032414845515211 29.337338776004422 31.577166253284126 21.913379412847434 
15.018683539907444 30.941103638501282 23.811185667532374 21.51778957164693 
15.262175788754456 28.49114730022591 38.64154998358349 22.45616737767952 
15.251865482800405 28.481451483093785 38.08132517751236 22.434265369545855 
15.024075813250649 30.53046385846737 25.880380940007047 21.708542799397133 
15.039280974351442 29.72780146655803 30.829368892252162 21.840881410759085 
14.94199083989996 27.470818707819642 42.1470606347596 22.774788887563478 
15.03336423803727 27.82369727408456 41.46280287775421 22.428425382861537 
15.074574060827233 30.652833752562955 23.790018160286813 21.173878554212678 
15.078249203181771 30.690835905251205 24.50390558587657 21.28744522137526 
14.675582394733365 30.255750894643512 29.55065668388613 21.647423572561973 
15.011539052253404 29.1387173574417 35.14252980275173 22.9683679670536 
14.790136445868285 28.39440637164466 30.74346519007653 21.13339947992631 
15.005221527669233 28.375907687803785 37.9789298220974 22.344875919913495 
15.049946479844337 28.039157788417654 38.76885821149557 22.199566535073142 
14.854557509621989 31.03710731437637 22.948117369152065 21.33228554107906 
15.080291394813262 29.45042181623949 33.60816595412886 22.233012959999776 
15.100550123163679 28.64264543171916 36.53793040802273 22.044487734466294 
15.02373869859178 29.912455779364368 27.84571900510386 21.70703856822451 
14.99616950937659 29.411986757498553 36.42793806186532 22.92824828848896 
15.182997861573027 28.42170879830896 35.85911517668358 22.21888930830977 
14.96449031535548 29.433611023747233 29.961450127762518 21.797291725408126 
15.337977320234742 29.266595516775162 34.08239899538751 21.646254713200335 
15.006753692677588 29.50267075765665 31.621697709188815 21.796310741953473 
15.22432324816402 27.960909210695053 37.878497371980146 22.233311956187926 
14.884668159761139 29.7914696453488 35.6905797646815 22.73453139614407 
15.015965490667655 30.300023873055054 26.526934911007196 21.538745811896412 
14.587503701997285 29.48880617601947 32.232680691218484 21.981117079285635 
13.74972210655745 26.787171599673904 41.384315716162476 21.804391965405365 
14.753894380482526 27.87813864040511 43.757132926227285 22.962542916655114 
15.044439818098162 29.86056420483479 31.54572455666061 21.82731404875286 
15.05023156956853 29.929839153242114 31.558966431019996 22.065037103167242 
14.987314617809336 29.013276829577393 34.28266568261625 22.149854207092435 
15.04677672045149 30.662583799671275 23.86970747987373 21.379041206547836 
15.008082431238673 30.61163315901186 24.507864390085263 21.290045692402032 
15.09068716875423 27.56784513177485 42.925133961061235 22.81779069517903 
14.918938612194438 30.23661603992341 26.605376911073023 21.50784560703967 
15.649437782933354 28.884119730402723 33.26654616905931 21.345727967298274 
15.066276890842715 30.87847524641508 23.927887189030447 21.584906632475132 
15.02367457729245 29.429540599109803 29.46148052919067 21.569220800285798 
15.126252984832684 31.02492545313689 22.395019460726164 21.331051425577733 
14.976021819686576 30.887299944567435 23.84776525292025 21.36498314286385 
14.824148496800053 27.960893561549604 42.11688400067822 22.747941049582902 
14.964521821104515 30.342345644661417 27.211665266129575 21.52832599593108 
14.723557969273765 29.037060214891717 34.78476914842136 21.608099874685234 
15.082463148643253 29.57337237653465 30.840309539040256 21.745717643057446 
15.129421993614589 29.283465441137007 34.60251871059986 22.64126796889061 
15.125612044785711 30.239702595326246 28.802461566183116 21.836820209840308 
15.131845836740794 28.774566835274225 36.91468468524696 22.388964329300613 
15.017118710382995 29.100237028882738 36.2297538275107 22.259468195603883 
14.867833444553813 30.562141570820767 23.510889498678853 21.29786000715779 
15.029782894490559 28.017307961131436 40.11528041152061 21.95566397011759 
15.02251249398746 29.61152094488541 31.678591925926394 21.82572984627852 
15.019119308538404 27.194083847052433 43.60177495530462 22.455722026883773 
14.845645632217149 29.953031476588865 28.048092800872432 21.44082385037665 
15.106509774013436 29.017130137993224 33.94122415292808 21.682942511496375 
15.00451201207059 30.406039580227745 26.624887923226236 21.57043470655945 
14.878856265252987 29.79663047379101 29.454138393066035 21.642624621013123 
15.225988592132644 30.624771103206413 25.226497467233493 21.35168171217785 
15.235966365966613 29.899884689182233 29.493385919551674 21.69642269874292 
14.983215090122862 29.061394907053213 37.28945983837056 22.05105211499862 
14.978646546218258 30.73516589941196 23.000387215665338 21.20973299536834 
14.902249773310775 31.01996964255508 23.72151316719011 21.584389662409716 
15.06852951172769 28.668308906694314 34.163197333449425 21.731292545357523 
15.258049695431565 29.2546664815249 34.58362678176793 22.577778812264505 
15.003291502103757 29.720621969611603 30.098657001256186 21.61579166966777 
15.047118402094275 27.67781198762564 41.35132524781668 22.631919058478218 
15.326437038291246 27.76067663113829 37.88177948987172 22.207957316795536 
15.016277482722733 29.721081212384906 28.718104961923284 21.672759801003192 
14.498958776707045 27.62978643935915 38.12185903882203 21.804333888741777 
14.845959430227982 28.195733751180274 39.42830125933108 22.37813590478839 
15.402938568730853 27.89102935530662 39.40282476318276 22.573783333078477 
15.008210110277732 28.129887634039214 39.59232376864025 22.381442936576 
15.101195224221595 30.15457204231456 28.112228544068994 21.40232750426047 
14.992947307249912 30.75672678433249 23.765292186296257 21.338374137711142 
15.065162595650921 30.36475051139311 28.024035805483123 21.899896059811805 
15.14234101984421 27.852155043392955 42.20581770148588 22.629693398561304 
15.100596190271865 30.75930855207474 24.572999119970643 21.50588658637497 
14.711811834515688 27.530853740811917 42.8089283965641 22.301874128474875 
15.140740923491743 28.673968697564526 35.956946687669536 22.355048095604147 
15.443492379097687 28.68288893879884 37.33051995904267 22.764362327819203 
15.16733413382945 30.686239190061634 25.2334408681452 21.393004531626488 
14.913157821588568 29.862168679042508 30.207916469986884 21.856534235952083 
15.089284269248397 30.04450564045671 29.484752462935642 21.50803020362761 
14.949787486088377 28.487005721743785 41.15904620308396 22.378326824187816 
14.84460280696445 29.229135724740843 32.31774035160735 21.9026930148766 
15.124367895896082 26.96388904638897 41.839106018619354 22.09862380412122 
15.071585654049171 28.940474867508073 33.71410753237347 22.00201655922195 
15.218641350824946 29.713111194183387 28.112789073266217 21.5234582377487 
15.271415997503453 29.796567788727796 31.73970245453361 21.743489471840515 