84
143
129
97
117
88
155
151
136
81
86
139
114
140
119
145
92
157
89
95
101
90
113
92
84
128
117
92
116
85
113
100
117
137
116
91
136
95
118
145
137
91
109
103
81
107
102
116
96
99
110
143
158
155
141
122
138
148
138
140
135
144
100
145
150
95
119
146
109
93
92
132
108
126
98
133
98
135
91
128
121
90
116
90
111
136
103
151
103
109
133
136
150
83
123
158
105
139
93
140
142
100
126
91
84
115
104
114
108
159
156
156
87
152
122
98
129
138
158
152
156
157
117
146
127
113
139
134
89
120
94
120
100
115
107
145
88
92
146
96
85
93
90
131
140
96
148
100
110
146
