42.94503716474563
46.189991669283174
51.726123164842875
46.360675027486856
41.980482036399955
61.61022546416262
55.14680281399991
63.29429500914975
46.49640609776244
54.52619417972382
44.83933791696777
56.13813028936307
38.81990216587275
58.98189712063227
38.452512343159036
44.107572872047314
36.46468426378232
61.49408751689044
56.23914350868012
39.22628440729621
47.02317774266308
60.92694223102823
64.34856446881183
47.622698690697476
49.93393546463905
61.46985988612582
47.783901095907055
63.46593002575483
57.72235281408925
63.65766462548822
56.57424776020261
53.81533969438904
56.920058063472865
55.12052916698197
61.47553209821281
43.31227547697639
54.288290438808914
54.81147932320518
51.090012743685534
48.60930990213767
57.202988442310556
41.83239199395918
50.6830497525117
43.71160446706239
38.10423135811407
62.66494622364111
44.176923057476344
38.996815428226206
51.77012169667055
38.61102688876769
54.8151944806088
58.584253377608306
60.84508158163389
58.55763707974893
46.81723256102382
52.940812796868286
49.53499139008552
50.80441563271623
39.98122464440805
46.14048034593752
37.67650317624307
61.62740379748166
61.645157686596235
40.03602520416198
37.495283383771635
47.50075254400839
55.678926891362124
50.75577849405971
53.28787014175643
52.458613982453514
36.2568969980784
46.40519441080175
59.994246351456994
61.952494002127935
45.04891755705411
38.63220143445285
50.17314511026173
59.74490859050467
64.16897104437058
54.80712236792944
50.24955186637406
64.87821587243724
63.7342839047832
41.97226392810783
46.07374389357221
41.568051849865114
62.213936931076375
58.43306528392576
54.81368164609549
45.99384614883707
49.88463868070144
43.8919735294767
54.99745054469053
60.39443211146555
50.66254600400544
44.36805010425964
59.129886572073815
56.62482459787505
35.34364324637879
63.79956525797803
63.72744705203944
58.39077284273711
39.86139929169508
50.19366605391293
39.847797081221046
63.750757392703306
45.55906717940803
40.46649267200842
63.2355142973804
47.16062560897578
64.67517737062127
44.708898308771566
37.06273379321973
43.334136178148924
53.25444608593202
47.517249396770715
51.913471301901886
63.503198669677595
45.522487453880245
51.245566950819324
47.14279148889625
58.284669215212254
58.401392328177
63.564564870618774
55.03691363822978
60.29608655191542
62.2944095079113
39.55493670890319
54.30774999721378
43.91079874012274
44.53163538654169
56.71656020765259
62.37531870339352
59.10346428644739
44.94479157411709
49.7420483464487
46.62388041234993
51.20996447972537
48.92784097139017
40.68240861181597
63.362567778147195
58.61130965697082
52.04136112428516
59.22434815024755
49.57870980966532
55.84917158859041
51.73227733395396
37.2030667942149
36.74196396706741
40.49121111324145
